300 25 7 
21 1 949 
23 0 106 
19 3 396 
11 4 625 
11 24 270 
7 20 714 
12 9 619 
22 15 89 
21 8 40 
2 23 538 
8 24 395 
7 17 546 
6 14 9 
22 13 42 
2 10 643 
8 22 109 
2 16 396 
21 17 831 
6 2 977 
15 11 798 
11 9 854 
21 24 762 
22 12 49 
5 24 687 
20 11 540 
18 8 410 
21 0 607 
21 2 180 
14 4 251 
19 20 665 
23 22 59 
6 9 467 
9 1 77 
9 5 480 
10 23 390 
22 11 859 
8 18 4 
13 11 50 
12 6 67 
9 6 73 
23 18 114 
16 8 476 
1 10 487 
18 10 976 
19 13 360 
20 0 595 
20 22 419 
6 10 727 
2 6 979 
22 5 270 
22 18 488 
7 1 650 
4 0 787 
1 21 809 
17 5 617 
0 21 358 
2 17 499 
8 1 303 
13 5 84 
14 2 581 
9 24 358 
19 16 214 
10 8 931 
16 15 294 
24 1 454 
19 1 265 
9 22 1 
15 2 385 
16 11 879 
9 23 698 
16 4 95 
3 19 379 
10 18 898 
22 1 32 
23 19 301 
22 16 231 
19 8 511 
7 13 802 
14 13 895 
11 13 961 
9 11 635 
13 19 762 
14 16 525 
17 3 517 
0 17 356 
18 13 487 
14 9 494 
12 10 599 
2 12 698 
4 11 301 
1 24 590 
12 2 63 
21 12 379 
14 24 469 
20 5 805 
24 22 309 
3 13 778 
6 21 993 
4 7 456 
5 11 664 
21 14 909 
14 6 485 
15 20 537 
17 8 809 
21 6 557 
4 17 72 
16 10 958 
2 0 231 
20 18 379 
4 15 706 
8 11 700 
21 15 568 
20 13 512 
15 9 111 
1 0 650 
15 8 810 
13 12 366 
1 19 831 
24 2 937 
5 21 168 
13 15 107 
2 11 562 
24 19 275 
6 7 496 
15 13 830 
24 10 473 
14 7 495 
17 7 268 
11 0 632 
23 21 74 
14 1 434 
10 0 460 
13 16 919 
8 16 668 
10 17 145 
10 15 909 
11 17 429 
12 16 458 
11 23 992 
17 9 348 
5 14 514 
15 4 679 
1 18 870 
5 18 624 
11 14 233 
8 19 785 
19 11 729 
24 9 324 
3 7 688 
13 18 106 
6 1 587 
14 22 66 
20 8 767 
7 16 63 
20 7 562 
0 16 411 
7 19 641 
5 0 522 
3 17 965 
22 4 453 
8 9 299 
6 13 832 
17 23 255 
17 16 496 
23 13 657 
10 14 750 
15 5 797 
8 23 769 
18 4 177 
13 1 818 
24 5 76 
12 23 341 
17 21 953 
0 11 686 
23 11 804 
11 18 159 
21 7 558 
24 16 959 
11 22 938 
7 8 441 
16 17 632 
15 17 374 
2 15 190 
16 1 31 
24 14 162 
22 14 480 
24 7 496 
24 11 906 
3 8 606 
12 19 765 
22 23 228 
4 18 402 
18 24 848 
2 1 774 
10 19 720 
23 24 256 
4 3 70 
9 3 864 
13 21 708 
18 11 800 
19 0 916 
14 11 642 
1 15 240 
20 6 624 
13 10 109 
12 7 884 
1 17 149 
9 0 805 
20 10 556 
18 9 5 
6 8 269 
4 16 296 
10 12 866 
5 19 35 
8 4 7 
4 24 588 
7 10 834 
0 13 767 
8 13 453 
23 1 772 
13 17 917 
7 9 55 
5 15 684 
19 5 100 
8 5 14 
11 10 301 
2 4 772 
4 5 198 
3 12 431 
19 2 687 
24 8 982 
15 18 291 
6 11 217 
23 17 633 
0 9 401 
24 21 514 
7 11 191 
0 5 696 
17 4 171 
0 3 88 
12 22 682 
3 22 132 
23 7 548 
15 10 665 
2 14 828 
4 1 241 
23 20 364 
3 21 108 
21 3 600 
22 8 479 
11 12 900 
20 16 679 
15 21 772 
3 1 273 
19 22 867 
19 14 52 
1 13 738 
5 17 327 
21 18 596 
1 3 51 
17 24 752 
17 12 186 
20 21 388 
12 5 232 
23 8 58 
13 4 675 
6 24 216 
23 3 396 
6 3 141 
16 2 249 
4 2 906 
2 7 492 
21 11 886 
17 11 455 
13 0 980 
14 3 571 
17 19 175 
15 24 665 
1 12 724 
24 3 188 
23 2 758 
1 11 379 
19 15 595 
9 4 293 
13 23 456 
11 8 569 
18 15 914 
7 2 226 
12 13 531 
12 0 821 
2 22 216 
12 18 585 
11 6 317 
14 20 930 
7 6 621 
19 17 551 
6 18 280 
0 10 331 
3 2 696 
12 1 886 
