0 382 74 142 403 552 155 866 13 679 39 698 15 373 498 663 232 700 957 81 913 67 593 130 255 776 454 564 549 524 660 885 639 654 540 23 519 683 845 566 923 926 389 740 532 416 191 399 466 856 242 754 275 388 944 693 799 953 157 878 563 857 771 868 793 282 951 455 625 186 107 371 107 258 755 966 566 625 899 408 886 110 932 490 765 270 861 895 530 292 708 95 383 429 398 431 892 549 190 348 
104 0 466 461 329 552 945 588 1000 285 438 730 370 702 487 273 627 736 692 743 11 573 181 71 692 191 701 549 807 837 178 187 392 46 405 693 717 914 715 796 145 313 826 896 137 361 177 622 483 979 412 123 702 809 150 643 575 192 939 232 125 157 551 210 593 188 698 872 687 211 546 666 90 967 877 551 525 161 407 589 373 952 355 802 161 199 596 342 47 716 190 309 102 843 45 247 131 990 267 736 
720 15 0 974 573 429 441 31 301 522 5 778 976 871 575 199 873 739 604 382 851 90 522 757 540 310 279 489 997 683 940 905 440 263 493 760 256 321 885 835 777 999 91 174 490 700 669 406 66 667 915 178 691 503 339 470 718 471 295 415 601 313 345 775 978 928 561 996 207 962 44 130 27 606 998 366 15 63 808 399 515 42 834 654 305 534 495 931 430 136 892 156 188 62 58 646 884 139 81 162 
625 836 40 0 441 405 835 743 660 647 305 728 886 490 894 136 611 180 703 626 815 937 202 409 715 982 294 116 391 157 58 624 380 571 838 634 910 892 347 336 133 657 86 640 777 987 136 799 355 263 991 267 358 640 147 921 800 870 645 873 278 269 259 769 630 968 159 852 263 554 447 118 612 210 346 134 604 951 523 471 739 579 446 673 546 857 853 723 4 667 852 297 740 54 119 894 4 437 850 254 
625 188 802 778 0 470 557 336 132 598 887 433 869 528 641 735 418 319 821 558 476 787 235 932 979 387 491 459 796 170 24 510 737 841 285 218 631 878 621 673 567 509 240 718 311 397 836 144 57 116 425 766 725 646 704 210 499 742 542 111 950 967 740 265 713 736 25 911 849 868 536 386 934 12 81 391 446 216 641 909 404 378 30 588 108 665 684 845 507 949 980 149 93 559 104 673 34 161 936 118 
54 859 988 34 741 0 912 670 232 495 137 63 683 537 391 121 565 888 36 992 499 404 44 681 883 964 710 39 164 524 429 405 269 983 593 524 123 787 134 141 727 218 51 35 464 707 506 73 376 319 978 25 762 743 382 787 900 594 421 880 395 430 429 14 295 911 985 462 117 733 859 85 146 115 240 40 980 729 279 358 553 241 229 329 602 203 205 956 151 641 822 693 107 992 354 484 310 749 634 305 
903 593 273 36 917 943 0 10 925 834 590 804 15 881 653 274 443 164 636 400 359 450 412 730 912 716 200 450 916 373 801 566 348 857 93 134 884 94 836 383 209 65 954 734 321 188 293 790 970 525 459 590 711 769 457 900 814 837 141 4 48 910 327 623 936 384 673 286 74 381 305 741 599 982 592 746 577 770 520 252 358 639 444 525 303 954 960 175 875 104 967 878 661 297 774 928 925 506 814 840 
298 862 268 775 858 681 891 0 968 951 895 914 313 125 310 475 111 339 855 175 606 270 293 994 643 182 263 698 229 544 164 492 596 82 729 807 155 177 351 328 1 583 905 94 634 997 848 21 299 55 859 558 690 765 235 875 908 959 790 292 922 823 993 852 37 189 720 173 57 64 420 279 952 440 887 897 67 748 668 355 489 392 40 540 140 662 292 906 859 633 935 407 896 171 659 860 96 34 161 20 
679 974 50 571 749 728 395 286 0 636 322 27 982 426 868 51 973 888 238 191 3 73 602 865 712 385 246 919 454 575 713 579 684 233 916 927 489 6 434 193 293 817 69 105 612 153 378 743 138 115 236 899 313 645 272 924 461 394 77 547 658 382 230 804 267 474 742 467 184 758 40 533 386 661 602 889 683 80 201 711 418 614 982 797 267 767 735 516 427 347 372 124 143 789 61 632 3 144 327 2 
294 553 528 154 41 609 962 254 276 0 711 216 430 704 583 630 319 678 530 367 183 356 405 626 560 268 223 941 627 723 251 313 28 844 65 528 406 650 511 458 3 87 475 413 732 554 165 328 137 283 901 676 555 565 150 546 152 854 890 830 941 550 102 625 516 713 840 663 824 7 4 186 910 421 662 856 705 670 393 891 471 306 629 878 310 62 43 182 816 59 393 352 924 986 864 823 14 609 674 389 
531 295 972 344 134 809 144 478 166 219 0 84 508 53 555 710 201 776 304 107 170 656 845 196 545 535 129 190 415 294 60 438 994 882 132 955 36 663 98 775 506 252 623 788 75 604 359 186 79 5 323 271 141 792 705 614 545 681 244 681 376 335 919 218 439 854 756 680 549 571 536 462 525 751 278 623 720 562 597 504 975 926 603 635 903 517 6 715 853 637 18 480 340 753 712 709 775 491 512 850 
835 929 281 530 735 674 222 418 650 948 507 0 364 120 366 725 104 235 638 898 256 454 126 65 982 669 106 716 708 469 32 363 937 123 865 926 574 695 80 522 830 589 104 369 891 94 586 239 8 674 737 410 526 126 728 974 937 48 13 222 948 399 58 734 667 334 993 816 435 649 826 599 361 117 813 743 300 794 984 961 478 320 459 896 366 207 262 594 23 43 5 134 364 603 388 39 111 659 626 812 
112 62 68 464 514 882 797 992 51 771 372 512 0 640 293 604 499 354 207 385 996 650 376 319 219 458 313 540 827 136 387 236 779 574 222 561 150 850 168 29 915 155 919 549 877 947 459 567 754 55 554 483 295 75 374 190 510 795 29 677 808 340 214 743 931 304 87 897 463 38 454 815 737 831 477 320 676 627 920 681 582 165 176 514 295 480 340 206 584 255 966 764 703 292 241 965 797 927 401 296 
797 258 712 922 466 305 696 407 626 880 213 171 836 0 197 924 683 384 29 603 537 172 491 317 851 378 13 674 423 763 120 655 918 487 645 450 573 451 5 818 374 565 416 875 15 547 251 676 963 805 737 108 795 328 641 219 918 127 228 997 941 59 728 179 480 68 958 241 773 536 21 736 66 82 200 517 244 568 439 702 356 454 701 349 675 446 292 55 449 457 612 855 608 158 889 131 825 456 861 319 
356 981 554 82 450 905 15 495 281 331 564 344 695 811 0 154 161 2 396 624 457 970 211 585 549 570 555 37 934 720 83 457 372 88 624 720 44 620 698 974 579 457 211 285 326 407 976 933 862 688 50 511 681 736 533 957 569 400 96 488 815 862 512 460 912 288 391 953 969 319 85 952 863 356 268 406 964 23 192 282 158 393 909 439 292 848 846 973 316 131 591 573 840 352 354 349 258 963 811 849 
416 147 650 216 900 907 717 541 204 658 685 903 745 328 425 0 774 414 301 369 369 400 381 362 608 309 269 585 75 919 557 492 382 23 890 429 30 233 153 3 524 655 853 573 248 609 968 957 43 709 471 96 234 359 498 561 49 685 236 207 720 584 143 584 393 304 773 736 132 41 562 456 439 718 33 683 696 689 174 105 527 811 380 363 828 976 526 974 385 324 951 140 67 24 628 472 405 838 825 621 
226 537 897 447 736 920 157 901 490 30 620 763 850 268 713 192 0 814 328 996 644 280 26 588 238 775 7 895 411 45 204 208 851 504 39 68 551 698 805 630 389 10 81 58 21 705 431 268 275 651 603 55 510 98 918 947 140 310 454 792 331 327 609 318 239 252 758 766 791 73 898 683 409 210 903 2 952 206 617 429 935 807 19 953 78 86 450 709 437 792 998 204 110 367 465 248 209 745 148 484 
918 616 260 467 667 788 961 197 787 174 204 796 333 192 581 103 270 0 333 479 818 984 201 3 603 234 783 837 207 461 423 880 948 520 905 748 783 299 391 197 190 109 261 961 457 767 309 611 254 302 487 373 21 370 983 958 836 241 632 523 745 519 925 663 757 424 161 647 889 117 947 282 600 121 164 93 874 924 803 320 858 208 241 829 624 938 381 733 731 359 486 729 873 380 729 469 593 90 34 784 
51 657 183 282 370 982 713 876 92 307 148 195 319 721 638 810 717 815 0 491 670 95 149 815 737 422 312 17 76 305 329 326 216 233 318 777 452 664 580 517 948 507 909 624 278 886 359 664 269 731 1000 358 605 334 997 968 828 733 301 75 982 485 878 63 284 729 259 635 681 756 268 908 917 943 500 35 690 986 89 58 520 987 345 41 853 23 756 544 157 425 507 908 402 403 458 380 502 883 843 344 
750 485 209 687 920 128 717 615 225 490 304 95 301 897 832 366 908 616 139 0 290 520 927 181 417 872 561 209 602 837 543 994 667 718 685 493 190 665 271 125 536 239 70 811 934 951 56 60 282 112 435 917 708 809 760 557 461 788 32 878 764 81 914 183 331 785 602 829 870 262 643 202 975 903 162 97 277 704 182 580 178 99 355 39 226 395 517 144 461 900 123 295 6 953 747 153 470 582 826 879 
166 377 305 505 23 275 254 984 385 347 538 229 118 194 277 548 959 888 464 678 0 661 689 640 34 365 814 698 68 312 114 67 120 373 480 314 970 712 941 911 162 18 280 313 838 740 244 629 377 455 194 642 857 593 446 897 941 315 282 721 730 779 792 231 834 351 775 204 375 896 649 285 858 482 302 768 719 474 809 700 645 291 952 586 606 975 919 377 558 132 943 533 335 986 204 408 483 124 902 218 
381 790 598 862 828 532 387 883 747 763 520 16 4 12 996 488 823 317 845 114 412 0 173 49 475 693 547 107 566 850 673 895 661 875 550 780 293 273 510 413 379 17 980 284 1000 831 764 127 182 932 589 526 357 146 460 202 82 613 518 925 709 65 446 467 449 121 118 673 724 554 850 635 597 886 110 504 845 854 203 566 688 471 434 439 220 675 328 232 303 884 149 832 909 591 544 736 428 703 382 354 
965 926 651 225 216 479 493 437 244 185 681 735 230 989 686 646 474 406 10 506 750 638 0 166 175 865 880 939 694 45 193 124 546 450 680 435 950 475 620 953 111 155 239 18 70 169 322 493 800 510 426 817 17 778 858 335 702 165 726 802 852 481 851 424 272 877 183 238 939 736 994 500 278 122 823 147 149 325 368 941 644 65 438 994 963 745 20 903 490 978 379 852 458 470 7 79 89 779 692 931 
151 803 84 727 369 322 527 212 655 30 716 442 246 86 218 702 939 837 495 949 689 432 272 0 851 239 602 433 642 46 184 491 641 982 624 518 996 899 272 402 47 38 548 63 810 683 113 452 365 616 219 345 939 791 213 135 955 228 81 658 449 827 48 110 364 169 164 333 355 831 38 369 204 749 716 415 422 261 406 199 880 618 429 181 383 920 418 931 790 774 715 32 429 135 627 487 403 203 170 55 
222 382 55 7 747 896 782 673 181 873 921 85 620 44 707 640 335 757 826 306 428 125 628 612 0 629 400 19 408 278 613 144 662 860 4 156 681 889 827 515 92 258 285 242 641 820 162 452 634 51 296 121 702 616 45 202 97 947 562 764 360 809 851 219 418 145 53 735 757 174 753 319 769 260 874 97 322 660 59 527 59 1 732 399 980 961 395 740 40 413 550 259 941 588 527 453 299 669 9 954 
346 548 732 431 160 178 352 719 457 534 216 108 180 609 274 502 519 187 46 515 765 416 263 215 368 0 266 358 757 763 136 860 289 820 765 448 98 660 144 243 87 274 248 455 391 282 145 303 917 922 945 626 585 253 552 830 2 893 802 703 158 911 499 882 101 459 587 709 683 576 263 116 455 432 280 908 357 624 551 974 85 657 99 916 118 716 21 186 23 206 193 82 255 109 636 435 472 149 447 486 
584 396 950 920 209 680 53 764 40 241 991 586 768 213 877 222 808 169 689 114 296 349 79 668 440 146 0 44 633 86 588 518 544 752 715 206 996 528 192 646 401 476 81 458 119 593 981 472 659 791 994 780 664 891 694 704 346 497 925 379 122 865 759 786 716 264 884 16 397 484 388 918 705 980 625 666 965 461 735 502 380 534 108 660 990 508 194 114 804 22 714 715 140 371 422 441 238 67 329 656 
822 985 312 956 797 769 823 524 733 293 344 984 318 954 701 361 744 356 129 705 978 486 512 141 396 793 946 0 363 972 758 766 429 892 11 47 163 927 130 704 694 910 647 869 538 632 760 515 685 310 208 653 500 107 175 245 756 198 942 133 173 593 255 171 34 773 394 265 766 878 142 163 334 818 568 282 807 109 356 300 580 809 364 492 818 531 925 776 394 824 287 534 545 13 487 589 552 63 302 947 
116 864 451 347 464 685 837 67 677 649 451 436 236 412 605 428 141 739 105 13 562 960 603 275 752 665 539 33 0 504 392 439 433 40 224 59 574 516 579 857 116 348 426 368 101 147 979 236 573 612 1000 266 126 162 80 243 295 267 157 437 513 468 466 464 701 12 589 2 351 424 981 958 721 715 141 665 480 959 335 753 174 170 543 58 915 833 355 961 126 373 990 882 668 144 585 42 460 980 334 681 
826 144 678 734 89 868 640 451 611 119 685 37 646 692 715 666 371 905 153 49 81 641 236 914 965 693 28 554 838 0 416 170 273 134 65 632 223 106 979 458 988 651 580 323 370 615 887 243 213 444 738 191 388 777 289 107 55 522 355 533 663 223 565 585 679 843 545 403 22 765 874 711 184 535 341 702 692 827 884 766 13 765 569 670 621 442 266 794 861 222 492 473 168 53 819 288 947 467 207 845 
212 174 115 703 869 650 983 635 102 542 251 991 835 707 241 819 842 851 86 565 214 523 539 345 437 624 407 348 45 498 0 427 602 135 690 314 126 688 982 930 550 821 164 422 969 909 528 518 343 657 758 460 236 930 781 984 990 577 77 101 786 507 738 938 216 77 890 247 780 906 965 424 506 361 565 374 180 668 239 943 201 302 982 883 366 223 880 958 744 527 218 167 14 869 556 982 29 964 30 633 
915 185 360 416 628 567 940 60 673 659 573 65 980 319 84 259 873 886 607 870 17 848 87 239 686 302 936 827 618 894 113 0 120 958 420 656 452 216 180 374 7 502 990 689 208 844 355 452 904 181 405 598 902 9 697 387 548 257 342 933 410 942 851 712 762 603 522 326 459 463 694 723 587 481 442 448 146 376 386 690 319 826 728 611 921 561 263 746 685 328 908 578 690 730 102 88 431 224 796 858 
505 904 852 313 800 67 522 468 88 788 736 990 793 459 832 770 484 623 606 767 549 98 845 87 264 309 496 671 933 835 342 401 0 696 185 38 721 200 336 68 864 403 965 25 331 232 14 126 862 889 773 890 84 112 572 232 495 686 348 313 157 86 459 731 738 760 937 265 148 843 225 452 627 953 960 920 418 220 125 337 908 858 200 836 693 25 551 219 444 137 475 391 304 749 819 237 795 629 159 92 
746 196 619 899 824 392 410 670 807 201 859 11 580 169 886 706 68 690 45 777 475 186 869 68 115 496 55 512 204 625 660 674 710 0 266 539 452 892 411 870 375 739 932 688 704 492 100 41 283 605 942 364 337 834 305 490 570 903 20 978 31 210 174 760 778 940 909 542 186 269 574 579 892 843 594 119 492 537 734 355 240 62 826 479 933 642 515 740 897 606 857 339 641 240 941 854 280 777 651 562 
918 144 163 593 851 14 615 838 378 424 175 894 124 495 357 289 14 202 441 713 747 741 497 598 756 67 117 259 820 959 439 475 685 832 0 28 243 51 192 643 27 548 588 342 749 586 670 430 379 208 502 510 518 59 173 108 972 804 71 540 909 185 325 809 290 60 369 178 81 130 154 523 743 389 537 395 612 106 805 562 254 979 475 557 828 45 352 908 746 897 853 968 649 862 151 642 540 384 115 303 
600 109 7 237 130 466 773 322 374 335 791 243 790 495 105 589 227 116 822 13 509 77 317 169 353 852 659 549 819 755 692 834 927 303 769 0 928 923 165 598 288 436 15 174 471 911 634 141 587 901 178 107 241 754 957 896 516 820 503 859 222 917 129 115 951 502 124 330 193 456 524 764 300 802 842 872 374 865 333 919 608 607 333 167 541 250 100 387 84 477 611 90 831 198 978 864 47 554 938 94 
971 744 554 194 964 385 271 369 987 718 451 785 604 287 121 974 89 315 979 3 447 334 809 821 171 723 747 669 28 389 269 169 321 684 132 470 0 340 866 532 26 840 23 828 497 196 977 160 763 783 866 59 411 494 53 461 996 312 109 285 776 237 545 846 363 857 833 449 77 277 320 944 79 758 974 313 679 23 254 903 395 645 716 499 252 748 532 685 888 594 341 968 203 21 600 592 339 620 802 977 
799 565 18 725 291 545 635 633 284 296 448 606 900 398 536 136 109 15 710 796 965 371 470 790 599 117 214 673 553 957 40 786 36 833 588 764 298 0 116 761 162 58 650 167 169 430 546 589 616 775 6 496 740 590 645 289 458 295 254 764 273 217 859 757 475 625 289 993 958 915 400 563 880 110 457 228 318 759 51 777 826 224 989 414 873 711 809 464 828 820 493 727 249 224 891 870 107 511 477 561 
971 604 907 584 35 390 16 479 969 464 310 100 147 224 964 324 768 452 218 121 242 604 257 652 518 738 810 714 282 691 798 578 597 919 871 544 527 637 0 393 640 192 874 567 400 97 462 337 611 224 626 8 793 202 976 13 544 71 280 921 318 408 411 560 441 462 373 764 489 663 695 302 539 186 923 62 901 753 322 625 529 370 387 460 947 763 738 342 699 420 90 959 165 195 584 258 764 931 736 902 
597 381 267 450 23 246 121 60 291 57 853 927 232 682 540 464 543 484 888 132 482 454 273 875 428 920 298 239 977 663 981 319 157 11 69 846 951 298 553 0 62 735 914 990 947 786 673 477 490 696 304 654 6 923 154 838 583 548 971 946 808 927 201 139 791 812 989 313 142 214 374 183 949 767 701 165 444 240 83 96 253 557 389 257 199 286 128 269 898 110 173 195 135 787 139 641 90 712 616 540 
324 866 325 495 510 490 730 186 843 324 459 673 117 29 44 376 251 480 627 256 174 363 178 942 617 818 994 835 439 369 402 754 473 396 713 102 270 711 797 800 0 299 199 174 989 707 369 460 625 340 775 709 241 290 843 795 488 703 603 304 711 111 421 202 659 836 185 250 725 30 505 942 981 519 634 323 71 104 281 444 620 815 214 877 38 658 37 508 884 605 694 240 665 756 36 7 502 354 73 900 
102 729 139 133 907 282 241 775 831 268 513 597 873 362 813 95 804 810 366 574 959 356 906 547 840 875 85 427 164 885 160 27 577 639 644 675 784 364 586 938 283 0 420 546 462 931 724 569 46 853 245 804 730 801 693 424 760 467 173 635 677 467 449 461 678 488 718 413 417 13 802 649 480 329 6 398 499 181 142 927 542 34 334 781 707 181 970 443 444 191 789 58 866 140 253 22 251 801 252 533 
37 913 833 500 373 512 758 179 608 200 683 101 577 286 997 871 414 239 479 8 528 20 358 506 823 882 647 765 741 105 137 629 116 417 860 226 789 342 452 855 115 26 0 750 79 917 286 880 92 806 944 979 336 556 456 162 24 302 666 539 686 349 387 394 883 833 118 981 964 196 777 855 422 216 233 777 284 419 858 666 399 331 708 265 733 119 190 514 448 15 409 741 265 557 175 248 524 441 783 153 
582 902 37 646 632 494 870 354 297 913 516 811 592 892 648 81 588 752 110 663 673 961 352 208 221 422 232 789 212 459 905 229 786 595 902 523 930 777 609 857 164 726 926 0 408 570 445 137 382 202 336 350 632 991 250 974 123 354 105 551 200 673 735 862 399 421 106 606 99 21 939 412 125 125 159 613 365 209 564 237 496 779 306 790 497 505 720 995 845 135 337 109 245 467 75 105 69 982 237 80 
710 97 341 632 395 509 182 390 684 697 68 50 665 359 330 466 456 472 11 549 888 83 760 745 769 884 894 275 886 770 811 39 980 404 484 724 974 284 502 876 18 496 579 388 0 227 74 841 114 754 504 618 838 647 819 639 199 809 112 365 866 142 98 242 434 854 192 778 710 400 52 604 682 155 194 959 652 577 498 323 253 257 79 931 857 97 15 737 591 205 972 184 874 808 689 452 57 307 832 961 
292 608 477 386 662 238 798 692 127 960 976 952 646 240 893 793 516 106 382 380 473 652 234 836 57 693 763 440 250 775 98 434 75 847 995 371 316 910 273 749 618 719 188 827 336 0 766 860 676 653 107 245 659 605 389 393 618 986 821 383 651 440 533 342 828 430 972 236 833 628 709 496 820 526 157 338 551 34 706 608 52 768 985 121 994 744 358 467 417 545 204 815 71 446 79 739 633 748 59 776 
662 241 258 652 959 361 776 641 633 210 416 196 854 931 710 673 965 961 847 634 363 347 520 424 928 853 871 475 116 799 725 668 54 347 418 50 464 737 410 618 984 298 181 885 334 443 0 938 972 175 661 869 436 932 797 684 602 576 267 687 306 775 376 40 279 360 2 770 100 204 932 295 174 633 108 696 227 133 31 762 750 773 716 431 277 449 42 692 415 244 237 542 84 380 149 843 70 903 308 263 
912 918 427 903 86 291 406 57 832 411 904 775 684 433 444 335 931 962 151 329 7 240 230 182 895 889 60 133 91 664 508 828 729 63 733 569 811 181 428 632 965 12 117 870 209 156 210 0 33 892 195 545 452 179 760 18 723 14 393 411 361 612 293 2 968 474 791 394 524 643 536 576 39 538 364 290 134 48 331 61 544 582 403 43 223 160 287 977 369 929 255 95 765 450 283 162 18 6 52 981 
170 52 419 728 542 464 64 512 929 569 371 484 462 511 509 635 86 463 121 108 235 41 713 408 33 859 827 80 37 416 763 798 252 668 84 23 868 43 474 269 408 63 548 516 822 890 376 250 0 48 196 694 736 107 159 73 174 744 727 473 222 954 45 680 179 710 599 902 733 64 269 26 787 488 474 963 189 263 873 194 609 445 665 650 727 316 3 429 130 355 574 551 152 775 745 183 292 689 723 924 
301 884 506 97 376 650 685 365 388 851 227 287 628 218 634 980 889 340 842 546 579 347 157 166 793 65 25 573 465 169 924 530 406 415 313 346 741 423 731 223 181 783 435 868 427 903 885 810 685 0 570 746 217 406 245 258 989 312 410 66 592 830 475 232 862 85 337 279 24 707 443 688 738 290 384 481 876 634 215 165 780 615 29 99 757 948 608 731 732 600 458 869 305 652 317 300 642 529 731 608 
699 188 946 285 841 682 951 429 732 297 974 101 980 697 253 36 871 523 569 353 201 994 992 727 142 344 109 241 650 959 86 262 348 305 117 517 120 398 333 740 986 938 576 237 513 434 172 936 13 11 0 62 67 574 897 854 807 433 618 199 939 894 956 98 103 1000 478 83 912 844 621 100 410 269 278 204 206 458 115 381 758 952 782 88 987 403 700 25 817 100 390 394 769 471 525 502 488 790 268 206 
680 231 162 21 841 379 68 752 131 489 100 238 748 254 244 406 813 22 248 645 824 95 954 981 444 930 209 348 74 629 775 147 692 523 750 324 511 259 419 408 596 829 58 292 331 2 698 346 919 20 977 0 827 156 404 816 138 362 227 702 931 778 987 614 457 769 950 495 228 222 954 17 332 260 658 699 361 996 668 83 6 180 283 518 936 10 396 598 715 178 874 503 843 409 337 942 99 329 289 723 
501 670 697 155 638 144 117 529 135 938 134 989 700 292 307 662 20 818 45 337 924 347 956 200 337 552 421 706 226 943 419 134 744 238 527 994 782 863 338 255 588 52 541 551 594 313 936 498 182 915 541 634 0 883 468 447 843 167 12 528 760 376 314 234 893 382 198 660 553 323 503 227 509 651 395 11 341 839 720 285 210 479 107 863 735 489 315 365 276 920 168 56 277 763 648 151 614 744 539 212 
609 562 725 234 531 800 570 650 271 256 842 484 679 43 423 125 222 281 292 199 541 933 404 277 833 983 512 102 466 397 540 516 157 818 118 71 298 789 848 960 481 380 110 517 689 401 194 824 503 687 825 474 470 0 213 293 711 621 663 360 758 426 127 550 293 86 997 232 526 820 614 511 836 198 965 784 121 20 677 622 42 259 695 104 260 317 4 942 867 104 105 623 758 724 724 222 782 286 861 484 
929 773 279 900 284 133 151 697 248 258 533 566 913 458 165 135 660 514 790 482 726 333 890 88 354 604 168 129 72 306 703 83 52 766 499 649 566 645 382 482 104 375 22 474 870 948 931 259 892 800 4 410 139 819 0 386 242 171 989 297 171 393 690 322 625 721 599 998 629 316 806 519 157 125 593 199 593 536 221 48 167 360 729 171 738 690 482 924 727 721 438 651 330 15 301 203 307 889 122 313 
664 19 61 883 958 602 902 970 223 882 823 291 929 306 955 728 275 948 787 498 74 601 35 658 579 396 862 820 229 11 454 143 565 985 803 398 941 717 444 474 831 194 51 201 969 647 284 898 955 97 961 69 747 480 154 0 728 575 274 961 101 914 299 504 373 755 143 357 114 742 214 192 929 851 246 792 773 483 679 633 64 19 943 70 119 336 657 388 802 847 893 320 662 369 742 901 300 390 123 735 
545 780 809 921 712 903 580 151 819 250 86 4 82 111 719 458 492 712 108 562 369 202 320 901 957 378 631 159 311 656 376 787 771 174 813 388 217 134 163 246 873 558 51 637 209 270 695 88 583 242 893 757 51 664 516 154 0 776 662 254 492 355 187 127 395 43 437 721 502 587 267 334 808 483 610 865 464 707 794 871 765 951 305 715 844 488 189 969 281 154 94 380 435 378 549 531 76 797 935 958 
589 928 984 75 439 790 513 280 503 68 980 171 36 326 146 896 710 168 415 763 98 446 348 963 662 400 175 764 423 370 288 853 493 229 2 225 350 475 614 640 44 640 550 617 366 688 276 377 642 923 999 162 261 877 653 971 898 0 690 733 707 183 349 484 195 892 719 247 66 259 6 374 819 316 206 877 956 675 242 600 205 346 2 963 866 622 980 547 915 29 683 43 378 939 801 290 615 593 814 749 
801 718 144 899 694 638 794 441 81 863 221 982 525 580 118 208 574 911 273 341 767 545 205 52 344 983 651 93 453 666 650 470 665 723 954 766 424 393 905 414 481 415 552 544 223 894 486 65 978 624 309 623 131 817 87 401 737 545 0 59 40 247 452 132 585 406 811 685 195 306 338 356 689 564 962 94 871 178 215 989 351 260 607 750 421 369 696 628 562 561 888 894 784 812 678 992 35 371 588 908 
522 394 350 880 409 412 819 519 296 909 77 887 986 542 415 567 248 732 169 86 237 11 919 465 65 201 627 469 776 421 632 718 512 947 913 913 177 231 840 368 436 92 342 386 236 76 8 663 837 64 644 117 771 85 151 731 448 616 801 0 372 748 163 985 632 865 272 499 647 436 701 938 869 352 855 498 370 852 256 274 512 396 983 493 201 183 1 70 467 443 411 545 363 683 268 160 759 414 560 715 
819 288 860 457 348 444 590 406 204 928 813 496 50 43 145 244 33 739 834 217 810 633 261 416 751 17 47 447 681 270 270 922 22 461 475 596 487 513 667 248 955 85 247 193 814 377 857 49 604 933 764 201 573 394 797 50 310 142 169 215 0 728 738 322 194 518 81 503 810 13 673 600 420 479 264 632 39 64 721 68 252 280 223 951 815 395 1 928 106 974 262 521 190 834 458 658 847 136 433 499 
982 414 661 171 485 847 51 76 477 175 298 813 52 908 744 475 354 467 980 954 147 967 283 458 707 832 398 193 371 155 335 87 614 546 980 777 201 58 126 299 43 228 797 431 36 997 296 216 588 726 278 214 84 250 637 936 340 384 85 668 513 0 400 976 349 654 494 854 690 345 238 155 289 438 864 399 500 791 971 51 976 158 929 392 881 70 846 856 77 799 600 83 306 882 887 454 916 6 934 886 
802 925 716 680 436 364 394 901 660 855 486 129 48 819 357 633 242 40 997 490 563 832 701 579 781 797 443 879 519 564 215 865 486 748 131 179 307 188 666 309 988 25 624 977 161 153 584 861 837 456 718 555 209 775 595 37 681 785 988 918 233 387 0 702 572 241 394 822 344 292 491 99 632 373 578 975 102 491 25 266 955 491 606 571 674 605 918 345 815 428 523 762 424 716 770 849 572 577 440 852 
358 875 609 935 411 959 302 474 471 837 700 632 183 992 936 892 752 962 538 155 412 981 560 540 540 521 269 233 905 400 517 612 794 13 527 395 336 958 55 660 971 5 615 928 28 734 36 664 113 680 883 595 759 192 826 71 322 429 439 992 607 270 449 0 274 682 870 721 418 841 922 961 558 555 182 283 478 234 180 196 196 994 811 18 12 636 370 820 727 526 905 561 874 25 568 386 887 661 672 540 
380 222 827 375 209 315 681 165 249 170 544 992 340 643 215 517 287 684 249 230 493 201 425 265 546 518 645 984 75 365 25 464 980 356 337 466 635 386 109 627 496 429 948 109 886 648 500 999 718 896 168 844 326 350 157 950 116 966 917 42 795 688 398 495 0 277 88 901 27 282 781 574 568 709 958 878 222 919 996 210 714 765 838 833 639 757 236 196 879 109 87 353 109 490 528 621 907 806 522 652 
412 372 964 431 363 507 792 60 152 272 941 191 752 762 868 130 607 853 270 871 586 317 955 977 436 542 555 258 696 860 474 777 663 48 849 106 512 363 113 427 775 92 416 554 232 200 943 569 188 877 571 958 142 95 327 938 7 357 727 542 225 73 594 59 739 0 668 224 240 339 557 893 862 152 481 727 821 784 217 391 844 336 366 284 842 23 157 830 254 685 89 897 960 979 936 886 751 312 927 979 
133 386 805 253 572 212 653 437 347 919 687 287 229 741 660 874 608 921 239 615 330 829 16 805 715 170 286 115 315 475 270 193 758 188 959 886 894 878 253 954 370 536 240 149 842 169 463 403 457 247 58 65 646 283 683 414 996 875 74 804 575 181 765 780 784 726 0 677 291 178 460 592 931 536 425 136 155 22 508 863 793 946 359 417 368 698 633 351 41 448 977 18 247 703 597 781 484 459 257 22 
682 162 990 326 594 987 88 563 903 954 692 372 696 81 539 142 280 448 159 311 368 616 351 279 619 694 730 68 725 39 141 136 765 938 45 542 950 659 360 969 242 242 799 120 597 51 681 308 537 494 793 894 931 531 408 873 591 647 436 690 426 345 610 953 871 155 648 0 834 112 56 646 371 88 297 637 406 514 976 399 770 683 280 69 213 755 449 529 645 943 67 192 589 879 378 357 509 507 184 262 
856 603 131 834 268 326 877 55 217 817 466 9 855 861 38 734 124 567 987 181 238 752 245 325 984 10 949 779 766 313 538 872 739 84 357 611 551 414 366 220 83 949 958 591 993 113 389 557 120 805 379 382 359 666 301 952 999 73 386 169 762 566 19 644 873 231 719 503 0 814 10 928 920 857 987 181 969 854 667 565 901 566 661 207 622 506 81 597 61 73 5 984 197 397 822 163 20 28 602 4 
502 968 440 317 491 771 415 634 590 232 156 711 693 190 479 183 693 259 692 223 412 560 47 647 831 430 728 970 395 236 553 398 414 783 312 21 351 118 674 396 14 367 397 282 493 987 311 761 868 635 858 83 342 861 240 397 36 222 196 725 48 567 316 397 357 466 998 264 757 0 653 652 581 839 16 171 438 159 497 256 787 887 844 972 393 614 443 987 212 830 701 360 813 305 726 330 310 964 940 744 
80 85 237 288 396 518 599 319 730 830 660 453 82 20 419 115 397 845 823 736 752 543 872 515 629 882 278 792 299 910 201 879 342 578 660 778 973 57 130 159 259 271 728 825 595 578 41 989 367 630 393 460 515 905 373 257 370 94 729 363 232 643 192 424 970 384 122 388 312 461 0 163 752 796 856 815 716 592 556 518 739 240 897 243 863 610 775 897 804 246 668 94 425 582 911 676 95 846 432 977 
859 936 540 542 188 42 178 727 832 160 524 299 45 320 127 667 682 615 99 25 313 230 695 543 402 61 897 83 630 831 988 637 774 309 853 174 41 638 796 842 270 593 51 326 386 99 668 573 312 371 756 33 724 869 142 35 857 328 655 990 477 725 224 588 724 52 294 807 628 793 282 0 853 885 653 353 770 664 445 179 121 645 461 121 355 638 517 307 429 777 688 63 10 303 94 863 128 311 643 358 
259 553 3 90 1 486 449 766 635 977 940 157 819 829 851 145 128 198 391 257 202 419 693 244 876 439 865 216 388 133 970 225 208 927 735 520 599 338 218 841 761 664 544 760 522 532 132 353 886 691 355 178 402 616 707 348 445 531 549 373 334 697 377 486 304 184 589 170 295 460 704 523 0 402 2 709 42 293 227 297 919 902 711 935 85 556 408 784 324 107 15 977 233 963 307 127 529 176 442 742 
257 291 267 668 273 540 969 237 877 289 879 314 855 129 23 417 944 984 554 919 194 764 850 191 961 182 907 391 577 537 356 619 326 833 548 217 582 332 766 800 463 426 424 410 721 918 656 559 995 860 470 41 1 2 320 539 620 988 180 791 922 620 407 845 290 635 494 693 382 690 329 254 12 0 182 931 321 983 611 511 825 430 491 712 922 280 249 438 671 195 884 5 302 958 87 732 120 614 567 870 
203 327 687 421 983 338 431 443 256 597 439 807 362 150 474 917 167 788 647 410 450 730 689 844 756 748 456 752 808 678 226 145 294 846 203 211 84 779 77 138 470 749 670 726 146 885 622 171 81 853 525 990 284 461 414 989 724 743 920 749 163 768 616 832 984 497 879 814 288 840 241 103 229 20 0 50 814 833 575 588 167 815 805 785 450 818 639 721 225 317 926 594 581 894 976 880 967 605 746 874 
624 589 7 863 746 346 747 579 120 840 380 963 276 627 413 660 42 396 542 784 480 277 972 298 827 463 832 959 279 58 582 625 104 681 108 61 725 858 107 262 890 917 957 316 965 578 457 141 292 302 740 910 322 258 462 713 718 865 628 580 359 700 427 292 429 758 493 875 340 137 707 798 836 847 10 0 336 178 834 199 49 919 751 984 657 518 616 800 329 233 354 579 58 451 855 609 423 995 777 527 
147 803 729 787 332 759 154 965 690 310 590 138 865 261 892 139 407 94 615 367 310 455 285 90 711 535 2 300 694 903 212 511 254 780 559 528 84 369 766 590 769 613 32 81 972 399 347 56 769 681 636 656 868 53 146 129 111 74 582 629 95 958 321 472 675 971 662 219 620 917 4 557 328 33 461 30 0 849 105 207 292 748 109 352 347 446 122 254 986 163 267 307 249 42 835 129 390 536 937 277 
644 170 508 282 773 99 828 693 36 326 502 86 928 475 187 427 186 880 4 713 648 783 894 296 318 716 934 888 916 156 415 317 859 643 14 634 168 731 609 507 273 87 214 811 633 249 621 89 162 317 9 860 883 564 668 377 542 989 133 664 68 977 696 57 673 557 74 786 144 454 817 109 832 492 365 70 564 0 998 351 737 47 607 594 185 764 140 243 516 237 267 959 222 985 32 606 79 954 688 357 
496 524 622 206 375 279 113 679 487 55 37 398 229 570 848 442 941 280 337 225 508 61 221 189 930 758 527 19 793 499 606 45 987 564 58 303 583 268 648 330 811 119 537 77 515 123 293 986 307 441 579 938 270 598 985 150 462 492 379 479 526 446 172 835 655 496 533 717 211 897 734 797 20 110 884 410 823 482 0 406 99 254 253 436 361 13 61 404 917 191 372 914 570 29 35 401 686 670 523 553 
275 736 107 992 590 554 275 290 154 873 32 849 53 887 986 684 416 625 644 456 200 90 360 187 363 680 17 591 634 485 920 379 35 465 70 569 830 983 526 872 813 791 645 267 465 371 152 420 48 893 527 964 111 154 452 542 97 387 164 716 172 739 443 219 316 201 160 202 739 83 548 371 660 515 297 623 802 594 475 0 512 881 721 211 62 872 932 192 285 537 952 550 511 738 880 868 675 93 877 714 
276 693 161 898 539 277 378 155 290 8 445 210 407 335 385 86 184 488 997 141 412 693 131 190 434 683 773 221 775 249 674 749 401 709 829 878 819 769 212 81 647 907 249 511 78 226 595 379 277 423 254 977 821 383 352 63 454 711 233 461 937 569 140 954 400 500 994 701 297 69 296 176 652 934 907 490 273 907 148 220 0 391 854 547 364 833 357 215 460 685 593 815 828 910 526 101 959 620 753 469 
591 146 914 730 628 370 24 700 491 32 670 561 953 790 293 162 507 939 337 184 624 386 361 983 377 993 640 935 342 499 768 88 226 180 791 627 486 239 827 55 91 843 586 609 472 442 868 25 533 1 672 681 644 538 598 995 201 304 905 393 586 172 125 828 604 935 54 101 526 833 994 924 615 89 529 405 220 831 164 485 162 0 175 134 375 361 595 436 788 331 150 424 431 222 547 775 555 995 938 506 
506 972 880 10 677 598 299 139 757 162 597 450 565 320 426 547 417 948 429 41 843 26 317 593 729 907 74 951 246 181 981 198 134 360 77 733 215 202 672 50 823 56 415 882 700 810 937 387 847 866 126 881 580 895 675 388 484 349 754 251 283 336 608 441 919 863 714 225 377 55 282 253 761 983 455 278 473 568 925 797 126 305 0 298 35 453 877 21 255 458 431 954 273 718 262 901 620 621 175 160 
879 285 840 537 172 348 823 518 664 834 934 541 934 823 532 288 82 511 472 584 758 557 270 642 138 726 752 764 868 104 34 940 743 373 95 15 662 15 943 552 112 844 693 988 962 967 691 596 498 907 448 921 350 429 240 472 620 303 407 106 854 688 778 193 635 57 121 622 644 588 900 320 196 49 59 773 948 226 641 793 829 735 196 0 657 94 956 474 529 600 45 923 502 195 111 713 945 470 740 555 
0 191 737 483 786 144 285 235 350 866 376 736 5 558 893 741 207 588 661 249 539 277 112 203 850 957 473 22 213 844 634 61 115 897 102 297 167 263 537 604 900 733 804 232 852 270 95 54 60 154 791 834 509 920 224 319 481 681 731 309 354 228 876 562 670 78 596 537 297 733 759 380 503 74 746 346 82 700 683 618 778 816 498 471 0 371 781 475 312 507 919 742 419 409 410 582 838 488 212 912 
621 757 738 772 989 848 171 357 328 841 507 454 508 722 499 375 451 192 594 116 305 54 715 931 921 795 124 890 435 141 219 488 272 410 416 103 540 377 997 826 389 269 315 14 568 961 632 4 934 561 813 196 426 779 802 448 58 803 523 84 499 471 733 696 541 437 616 336 691 306 138 616 25 860 175 584 223 53 156 629 733 367 257 81 869 0 804 942 881 233 788 124 325 252 669 175 189 888 196 291 
64 63 940 16 850 508 904 933 694 259 893 480 634 497 603 148 146 706 311 637 708 27 869 726 920 21 169 24 604 192 373 824 405 826 399 148 394 565 55 935 44 155 808 720 270 923 646 80 408 775 302 323 223 282 129 513 779 183 155 831 757 369 673 549 598 329 12 256 887 384 228 601 998 93 865 814 417 473 301 664 820 933 586 707 917 367 0 114 352 513 3 340 221 744 228 328 190 96 257 41 
223 698 264 716 239 666 967 530 951 418 819 144 630 434 96 720 849 452 337 906 444 541 169 648 300 762 52 832 661 140 263 114 248 250 127 913 27 946 358 684 147 432 181 912 637 580 968 96 126 535 696 925 391 611 772 729 232 92 4 249 534 331 269 356 674 656 892 596 451 615 631 517 536 694 762 911 78 554 311 811 149 595 807 999 136 874 413 0 198 962 384 426 570 369 831 684 31 462 499 838 
121 489 74 163 133 838 724 384 301 233 599 21 74 904 425 162 702 33 565 145 787 469 228 518 126 71 12 8 113 533 102 484 542 389 878 603 572 950 751 117 46 9 333 711 638 597 786 587 829 269 515 444 759 817 903 38 994 204 803 878 253 249 862 431 304 263 385 682 165 218 865 543 581 710 325 728 93 180 299 313 646 928 898 70 316 17 941 294 0 460 165 804 576 743 819 472 418 953 668 488 
240 893 703 926 639 656 238 1 402 372 132 100 927 410 112 654 410 332 957 955 532 660 430 78 755 705 391 157 861 266 577 96 267 358 667 400 207 99 186 452 640 261 68 892 10 731 387 566 344 619 190 542 641 284 751 379 506 347 809 771 860 631 610 105 208 153 619 959 503 589 426 474 114 451 413 422 581 171 276 602 67 507 978 15 353 466 864 668 851 0 902 191 278 130 793 283 900 2 627 187 
45 838 955 398 809 103 965 522 668 171 135 261 426 312 782 726 275 912 980 235 597 468 878 26 346 429 233 781 329 401 368 586 161 764 582 393 423 595 73 520 651 872 604 723 714 65 87 410 981 917 977 353 883 704 771 46 240 679 214 517 889 59 635 989 635 531 856 810 64 662 483 396 856 865 672 153 262 774 536 451 916 449 472 732 86 682 32 960 206 208 0 471 909 568 470 204 220 335 350 367 
427 556 324 493 164 875 978 620 719 417 310 96 580 141 169 405 18 483 350 552 575 274 923 66 755 717 361 702 967 510 156 9 337 230 125 331 503 966 230 370 7 212 266 262 228 583 195 143 735 611 51 204 923 181 657 189 793 344 519 469 201 62 227 178 219 551 908 48 822 798 147 372 541 635 273 358 432 301 80 138 648 838 686 258 547 437 906 210 485 477 944 0 327 71 318 21 610 251 278 769 
243 899 608 610 724 997 914 74 611 861 626 827 537 344 358 628 933 781 278 707 734 37 903 933 126 339 98 86 584 187 842 400 87 498 240 195 498 868 174 576 79 9 533 35 713 864 739 430 136 688 73 314 708 108 92 749 82 562 475 12 529 967 593 998 195 786 230 588 858 444 629 735 550 853 431 880 42 486 628 492 341 290 428 179 432 197 482 367 587 57 488 914 0 390 451 641 809 602 183 849 
944 460 469 137 378 741 376 52 968 352 740 337 674 102 729 953 566 8 653 530 163 313 921 823 485 359 793 720 499 419 309 254 834 926 482 284 528 196 27 184 959 370 717 920 50 564 780 105 844 92 695 944 445 507 606 979 894 40 776 310 658 751 466 802 172 753 403 142 815 301 778 46 823 866 775 872 171 319 766 16 179 461 763 683 243 487 266 242 737 643 900 427 417 0 292 798 832 522 977 561 
915 387 891 799 418 564 215 202 40 596 137 594 453 150 22 935 85 972 86 873 716 191 712 462 883 444 106 182 428 232 7 562 56 670 745 192 171 893 899 184 688 683 502 361 66 156 600 713 266 231 638 983 604 519 934 390 156 793 150 72 695 661 599 728 356 159 120 618 822 569 629 141 432 593 188 707 428 16 36 247 825 439 346 533 259 741 836 347 1000 692 367 89 618 478 0 599 913 327 108 874 
575 619 943 660 583 832 520 901 430 332 298 975 214 567 558 768 695 141 307 484 30 319 590 765 229 981 61 269 333 77 486 673 345 793 988 476 394 600 784 881 202 468 986 302 787 719 881 178 434 702 157 256 22 640 173 183 396 333 972 16 135 937 453 563 134 424 713 165 168 585 771 188 67 852 748 768 588 768 357 866 112 573 32 29 294 175 789 306 885 291 668 877 617 12 804 0 222 750 857 843 
444 430 470 497 452 315 720 795 88 83 432 94 825 427 703 599 461 435 379 302 137 944 220 972 727 726 453 458 715 459 523 331 620 482 528 322 430 412 706 118 815 686 973 195 594 370 21 384 218 855 471 548 614 695 82 202 545 429 239 677 670 951 19 94 481 7 694 533 811 280 969 654 30 869 533 193 480 752 90 162 908 962 638 572 367 156 865 75 103 176 267 409 454 568 200 514 0 405 902 730 
304 54 210 410 111 130 980 37 10 794 829 621 446 352 920 642 592 779 250 324 178 746 892 910 418 782 431 644 607 625 347 189 990 706 506 432 726 221 48 407 843 664 398 472 18 128 795 227 509 77 327 636 606 319 519 815 731 343 678 916 346 101 811 814 634 986 496 838 126 521 922 963 317 419 162 237 360 86 284 617 562 262 256 733 232 475 154 244 134 139 42 563 323 879 259 64 525 0 367 938 
781 437 968 453 972 748 152 976 453 489 577 51 839 353 127 966 88 220 312 432 491 804 467 702 549 882 304 243 900 630 158 987 420 766 142 516 186 292 517 882 313 2 185 95 887 761 977 130 850 762 479 435 517 217 696 350 907 587 63 642 789 763 975 637 279 535 203 693 409 60 525 864 399 601 58 636 965 17 638 962 682 899 639 343 911 338 938 508 895 33 685 254 795 252 206 241 543 316 0 982 
491 293 435 162 7 512 283 483 173 527 575 52 565 617 13 527 21 694 204 149 751 871 472 27 93 971 964 128 556 757 59 921 637 291 724 244 595 192 373 466 248 88 107 562 69 927 340 116 531 356 657 24 44 832 147 138 787 778 794 103 412 898 947 861 423 330 104 937 976 182 628 915 698 995 851 361 624 825 368 604 356 164 814 354 601 52 566 348 126 739 937 190 511 562 379 488 414 922 893 0 


