  0: 31 53 86 90 0 koszt: 61
  1: 31 40 95 52 75 2 1 koszt: 69
  2: 31 40 95 52 75 2 koszt: 54
  3: 31 53 86 3 koszt: 29
  4: 31 20 4 koszt: 40
  5: 31 53 77 34 5 koszt: 57
  6: 31 40 13 38 6 koszt: 57
  7: 31 7 koszt: 60
  8: 31 53 77 8 koszt: 65
  9: 31 53 80 9 koszt: 59
 10: 31 40 95 52 75 2 10 koszt: 59
 11: 31 53 86 25 56 11 koszt: 40
 12: 31 53 86 21 12 koszt: 44
 13: 31 40 13 koszt: 36
 14: 31 40 14 koszt: 51
 15: 31 53 77 50 15 koszt: 74
 16: 31 40 95 52 16 koszt: 56
 17: 31 40 95 93 17 koszt: 34
 18: 31 53 77 18 koszt: 33
 19: 31 40 69 35 19 koszt: 71
 20: 31 20 koszt: 17
 21: 31 53 86 21 koszt: 40
 22: 31 53 86 66 22 koszt: 41
 23: 31 40 95 93 17 23 koszt: 37
 24: 31 20 24 koszt: 51
 25: 31 53 86 25 koszt: 34
 26: 31 53 86 3 88 26 koszt: 45
 27: 31 53 86 27 koszt: 37
 28: 31 20 28 koszt: 85
 29: 31 40 13 38 55 29 koszt: 65
 30: 31 40 94 30 koszt: 50
 31: 31 koszt: 0
 32: 31 40 95 93 79 32 koszt: 77
 33: 31 53 86 3 88 85 47 63 33 koszt: 69
 34: 31 53 77 34 koszt: 43
 35: 31 40 69 35 koszt: 58
 36: 31 53 77 50 87 36 koszt: 90
 37: 31 40 95 83 37 koszt: 58
 38: 31 40 13 38 koszt: 41
 39: 31 53 86 21 12 39 koszt: 73
 40: 31 40 koszt: 7
 41: 31 20 41 koszt: 35
 42: 31 40 69 35 42 koszt: 73
 43: 31 53 86 66 22 43 koszt: 59
 44: 31 40 13 44 koszt: 51
 45: 31 40 13 38 51 45 koszt: 51
 46: 31 40 95 59 46 koszt: 38
 47: 31 53 86 3 88 85 47 koszt: 54
 48: 31 53 86 25 56 11 48 koszt: 48
 49: 31 53 77 50 49 koszt: 49
 50: 31 53 77 50 koszt: 38
 51: 31 40 13 38 51 koszt: 49
 52: 31 40 95 52 koszt: 36
 53: 31 53 koszt: 9
 54: 31 20 24 54 koszt: 96
 55: 31 40 13 38 55 koszt: 54
 56: 31 53 86 25 56 koszt: 36
 57: 31 40 95 93 57 koszt: 66
 58: 31 40 95 52 58 koszt: 48
 59: 31 40 95 59 koszt: 30
 60: 31 40 69 60 koszt: 85
 61: 31 53 86 90 61 koszt: 75
 62: 31 53 86 3 96 62 koszt: 52
 63: 31 53 86 3 88 85 47 63 koszt: 56
 64: 31 53 86 27 64 koszt: 71
 65: 31 53 86 3 96 65 koszt: 40
 66: 31 53 86 66 koszt: 25
 67: 31 53 86 3 88 26 67 koszt: 61
 68: 31 53 77 50 49 68 koszt: 73
 69: 31 40 69 koszt: 37
 70: 31 40 13 70 koszt: 57
 71: 31 40 13 38 51 71 koszt: 66
 72: 31 53 86 3 96 72 koszt: 63
 73: 31 20 4 73 koszt: 52
 74: 31 20 41 74 koszt: 41
 75: 31 40 95 52 75 koszt: 47
 76: 31 40 95 52 75 2 76 koszt: 69
 77: 31 53 77 koszt: 29
 78: 31 40 95 59 46 78 koszt: 69
 79: 31 40 95 93 79 koszt: 42
 80: 31 53 80 koszt: 51
 81: 31 20 24 81 koszt: 52
 82: 31 40 95 82 koszt: 46
 83: 31 40 95 83 koszt: 43
 84: 31 40 84 koszt: 45
 85: 31 53 86 3 88 85 koszt: 50
 86: 31 53 86 koszt: 13
 87: 31 53 77 50 87 koszt: 63
 88: 31 53 86 3 88 koszt: 33
 89: 31 53 86 3 88 26 89 koszt: 67
 90: 31 53 86 90 koszt: 16
 91: 31 53 86 66 91 koszt: 43
 92: 31 40 94 30 92 koszt: 64
 93: 31 40 95 93 koszt: 26
 94: 31 40 94 koszt: 43
 95: 31 40 95 koszt: 14
 96: 31 53 86 3 96 koszt: 33
 97: 31 53 86 3 88 85 47 97 koszt: 60
 98: 31 20 24 98 koszt: 60
 99: 31 53 86 66 99 koszt: 47


